1000 0.0104112 6.5e-06
100000 0.0102666 9.33e-05
200000 0.0108888 0.000196
300000 0.0106763 0.0003069
400000 0.0110357 0.000465
500000 0.0107425 0.0006058
600000 0.0107392 0.0007464
700000 0.010937 0.0008704
800000 0.0104594 0.0009592
900000 0.01019 0.0010836
1000000 0.0105268 0.0012185
1100000 0.0101596 0.0013608
1200000 0.0108731 0.0017369
1300000 0.0102831 0.0015552
1400000 0.0099761 0.0017143
1500000 0.0099409 0.0017928
1600000 0.0100316 0.0019221
1700000 0.0101116 0.0020898
1800000 0.0103387 0.0021401
1900000 0.0101416 0.0025266
2000000 0.0101886 0.0023802
2100000 0.0099538 0.0026378
2200000 0.0101589 0.0026933
2300000 0.009918 0.0030171
2400000 0.0103063 0.0029386
2500000 0.0099132 0.0030398
2600000 0.0098538 0.0031661
2700000 0.0102864 0.0032763
2800000 0.0098402 0.0033774
2900000 0.0102125 0.0035257
3000000 0.0099498 0.0036534
3100000 0.0102907 0.0038522
3200000 0.0100215 0.0039682
3300000 0.0098711 0.0041276
3400000 0.010288 0.0045973
3500000 0.0100704 0.0042332
3600000 0.0098118 0.0043698
3700000 0.010267 0.0044109
3800000 0.0101878 0.0054296
3900000 0.0097846 0.004647
4000000 0.0098197 0.0048651
4100000 0.0098543 0.0049336
4200000 0.0098012 0.0049963
4300000 0.0098114 0.0053062
4400000 0.0097453 0.0052898
4500000 0.0097155 0.0057902
4600000 0.009726 0.0064133
4700000 0.0097668 0.0055902
4800000 0.0097328 0.0056901
4900000 0.0098076 0.0058814
5000000 0.0100398 0.0063833
5100000 0.0101333 0.0068779
5200000 0.009823 0.0063117
5300000 0.0098323 0.0075684
5400000 0.0098867 0.0067471
5500000 0.0097845 0.0066292
5600000 0.0100206 0.0067693
5700000 0.0102924 0.0074533
5800000 0.0101234 0.0069578
5900000 0.0097364 0.0071501
6000000 0.0102321 0.0071868
6100000 0.009925 0.0072851
6200000 0.0097765 0.0075771
6300000 0.0098149 0.0075965
6400000 0.0097543 0.0077269
6500000 0.0097699 0.0078735
6600000 0.0101981 0.0079031
6700000 0.0098636 0.0085338
6800000 0.0108776 0.0081538
6900000 0.0097992 0.0083253
7000000 0.0097219 0.0086164
7100000 0.0103386 0.0093723
7200000 0.0098205 0.0085338
7300000 0.0099147 0.0090767
7400000 0.0098913 0.0088192
7500000 0.0104456 0.0090727
7600000 0.0097928 0.0093442
7700000 0.0097944 0.0091625
7800000 0.0102018 0.0099752
7900000 0.0099297 0.0094646
8000000 0.0099469 0.0095326
