17724.3 17724.3 17724.3 17724.3
9385.24 6433.44 4765.27 6601.14
5471.48 2411.93 1144.13 3445.86
3379.31 866.668 252.923 1216.16
2156.32 323.388 51.2224 438.977
1401.58 115.252 9.48052 158.468
920.639 42.7022 1.9524 74.177
608.379 15.9154 0.390431 26.9171
403.471 5.92657 0.0835657 13.2107
268.21 2.12227 0.0173871 4.99982
178.616 0.790257 0.00354478 3.05879
119.136 0.283682 0.000723837 1.05261
79.5771 0.104647 0.000150888 0.455847
53.2243 0.0377639 2.95642e-05 0.168343
35.6423 0.0135904 5.98509e-06 0.107227
23.8952 0.00488939 1.21418e-06 0.0363915
16.0361 0.00188746 2.34985e-07 0.0157235
10.7716 0.000690591 -1 0.00596014
7.24086 0.000254309 -1 0.00399391
4.87042 9.50135e-05 -1 0.00137144
3.27743 3.39168e-05 -1 0.000541764
2.20601 1.19485e-05 -1 0.00020695
1.48495 4.3551e-06 -1 0.000114484
0.999477 1.56312e-06 -1 4.22483e-05
0.672547 5.77593e-07 -1 1.88789e-05
0.452388 -1 -1 7.57344e-06
0.304159 -1 -1 4.72599e-06
0.204395 -1 -1 1.72028e-06
0.137281 -1 -1 6.11767e-07
0.092157 -1 -1 -1
0.0618365 -1 -1 -1
0.0414755 -1 -1 -1
0.0278107 -1 -1 -1
0.0186448 -1 -1 -1
0.0124994 -1 -1 -1
0.00838047 -1 -1 -1
0.00562029 -1 -1 -1
0.00377067 -1 -1 -1
0.00253102 -1 -1 -1
0.00169992 -1 -1 -1
0.00114245 -1 -1 -1
0.000768288 -1 -1 -1
0.000516984 -1 -1 -1
0.000348071 -1 -1 -1
0.000234453 -1 -1 -1
0.000157975 -1 -1 -1
0.000106468 -1 -1 -1
7.17621e-05 -1 -1 -1
4.83695e-05 -1 -1 -1
3.25997e-05 -1 -1 -1
2.19684e-05 -1 -1 -1
1.48019e-05 -1 -1 -1
9.97177e-06 -1 -1 -1
6.71708e-06 -1 -1 -1
4.52447e-06 -1 -1 -1
3.04769e-06 -1 -1 -1
2.0532e-06 -1 -1 -1
1.38353e-06 -1 -1 -1
9.32578e-07 -1 -1 -1
