0 17724.3
0.047 9385.24
0.093 5471.48
0.139 3379.31
0.171 2156.32
0.203 1401.58
0.234 920.639
0.265 608.379
0.296 403.471
0.363 268.21
0.394 178.616
0.425 119.136
0.456 79.5771
0.491 53.2243
0.534 35.6423
0.568 23.8952
0.599 16.0361
0.63 10.7716
0.661 7.24086
0.691 4.87042
0.722 3.27743
0.753 2.20601
0.783 1.48495
0.814 0.999477
0.844 0.672547
0.875 0.452388
0.905 0.304159
0.936 0.204395
0.967 0.137281
0.997 0.092157
1.027 0.0618365
1.058 0.0414755
1.089 0.0278107
1.12 0.0186448
1.151 0.0124994
1.182 0.00838047
1.213 0.00562029
1.245 0.00377067
1.287 0.00253102
1.328 0.00169992
1.372 0.00114245
1.456 0.000768288
1.5 0.000516984
1.542 0.000348071
1.584 0.000234453
1.624 0.000157975
1.667 0.000106468
1.708 7.17621e-05
1.747 4.83695e-05
1.79 3.25997e-05
1.82 2.19684e-05
1.85 1.48019e-05
1.88 9.97177e-06
1.91 6.71708e-06
1.95 4.52447e-06
1.993 3.04769e-06
2.035 2.0532e-06
2.078 1.38353e-06
2.12 9.32578e-07
